qsort:
         случайный порядок     возростает     убывает     возростает и убывает:
 1000 -  0.000000              0.038000       0.044000    0.109000
 2000 -  0.001000              0.038000       0.045000    0.109000
 4000 -  0.002000              0.039000       0.045000    0.109000
10000 -  0.004000              0.040000       0.047000    0.111000
20000 -  0.007000              0.043000       0.050000    0.114000

сортировка Шелла:
 1000 -  0.007000              0.043000       0.050000    0.115000
 2000 -  0.008000              0.043000       0.050000    0.115000
 4000 -  0.009000              0.043000       0.052000    0.116000
10000 -  0.015000              0.043000       0.063000    0.124000
20000 -  0.037000              0.043000       0.107000    0.158000

быстрая сортировка:
 1000 -  0.037000              0.043000       0.108000    0.158000
 2000 -  0.037000              0.043000       0.108000    0.158000
 4000 -  0.037000              0.043000       0.108000    0.158000
10000 -  0.037000              0.044000       0.108000    0.158000
20000 -  0.038000              0.044000       0.108000    0.159000
